%YAML 1.0
---
camera_matrix:
   rows: 3
   cols: 3
   dt: d
   data: [ 8.636687328392572e+02, 0., 1.4456794794471264e+03, 0.,
       8.669137541161693e+02, 1.441930087143249e+03, 0., 0., 1. ]
distortion_coefficients:
   rows: 4
   cols: 1
   dt: d
   data: [ -63.24262485359082e-03, 3.146503734687283e-01,
       -5.812201565114812e-01, 3.3306006868734106e-01]